2767
3076
208
1567
3842
4397
2887
2110
3897
2585
3148
4293
766
1767
512
1529
4193
842
2052
753
381
2401
3464
496
2630
2806
1263
3906
3270
4066
2182
337
81
474
2856
9
3639
2310
1470
2165
318
1921
1404
1688
3380
462
2463
3028
3850
3924
1982
1965
2098
661
2410
4460
1152
2788
3301
465
4199
2973
2256
1938
1843
1079
1063
1338
2193
448
685
853
203
1618
4461
3772
4060
1735
3989
3382
1870
3065
1732
3322
3614
2758
1603
2179
596
4331
2361
1473
700
2440
603
1272
2695
992
2409
3740
317
3078
4332
1590
144
1072
1483
3771
464
2679
190
115
1120
3213
653
4205
1185
314
123
3120
793
1582
1275
364
1962
2543
3170
4307
3416
780
1234
2194
2590
982
928
938
3864
4093
1530
3263
2393
3917
2926
3752
2982
4083
1531
69
3488
2372
241
3276
707
3549
2559
2791
2599
2309
2053
4102
4158
1626
12
2355
929
4235
3985
3375
2754
163
2948
3041
248
980
3307
900
3313
4059
3566
0
3648
2472
2062
3414
268
4112
422
714
1215
83
4219
1698
1171
618
1201
2526
2520
3901
411
117
3341
1468
2327
1493
3978
3221
1460
1793
2528
1420
210
2148
4183
3647
3453
3165
4457
1752
1158
2734
561
4356
470
4362
187
219
946
1924
4030
680
3011
4264
1763
4004
358
1970
4110
4153
1975
4298
2376
660
3674
3708
196
1093
1946
1571
1661
1243
4000
53
483
2937
3963
4321
3582
3144
424
2683
1269
2184
141
4047
3330
1137
2849
1309
1771
1822
1218
3934
2719
2762
498
881
2895
3104
3656
2113
3716
3676
1139
60
4370
184
2177
882
2757
3031
330
3883
1322
2315
955
2688
1163
456
4282
394
3728
1907
3056
4341
1
2348
340
3638
1971
4195
945
2250
1407
1550
3523
3044
1980
3605
413
864
2563
3550
4074
3493
3454
1053
693
1123
2841
552
311
3417
2080
4080
2089
2690
3358
3954
2831
1696
3072
3742
2012
744
832
3091
1673
4340
3195
2344
1599
1653
937
3224
1749
711
2833
2470
887
1283
2494
3244
1085
738
3900
2506
2176
1160
2299
4373
2032
1342
2985
239
1538
814
633
1536
2643
1660
1506
3299
4180
2913
556
3177
2691
459
1886
2855
2616
3086
1505
3345
3537
728
2502
4146
586
3114
3458
3673
2396
2890
2518
2244
2436
4049
1806
1206
1666
1607
2014
4380
4269
612
4099
1514
354
4154
3951
719
4133
3296
2444
2692
2127
1347
649
2238
4005
3424
1326
3617
567
3562
1878
1452
138
3916
3751
712
4055
341
2941
428
3944
1853
4122
676
1195
3563
2534
3622
3606
2796
4215
170
2639
1366
3153
3844
2483
2637
3552
3874
3695
2405
2377
2217
234
960
2539
33
322
3159
4350
778
2802
4424
2144
151
3246
410
2515
4388
1964
3885
3520
2480
3293
367
2129
249
3445
488
395
4027
3701
2269
1849
2558
3026
1133
3466
1682
754
1094
4045
2389
3838
1566
2030
2701
2281
1028
1297
1537
691
932
3363
961
1601
761
2994
1324
2497
1804
2008
4428
1438
271
1323
2297
342
742
3127
2061
1034
2132
2963
1632
643
27
4335
2288
1024
1611
977
1598
2717
2588
3745
2884
4357
3812
3434
2201
2872
1435
1687
1308
1001
1786
566
2628
2118
1557
1033
894
1895
1165
49
3390
2824
4224
910
3710
1515
1709
3070
3314
3859
1066
328
2345
3185
2026
3400
2247
2317
2850
37
1577
547
1731
3833
1543
247
3953
1928
4345
181
3993
916
300
1622
4276
409
2560
2371
2772
671
2943
398
3203
2621
1641
1723
933
142
486
1417
907
4406
4233
1401
3518
2388
1409
2001
2905
3791
1242
2752
2920
2837
4392
3832
3081
3495
3472
3567
739
2672
3960
401
152
2303
823
1790
41
525
553
975
2738
62
1942
4316
970
4078
3733
3412
2433
2939
2652
917
3780
2927
1976
1945
4252
2881
3222
2816
562
3658
1328
2666
830
1233
2603
3455
2591
3129
1802
4267
2498
4278
4456
3935
467
4258
256
1832
1231
1036
3912
2204
2350
804
3378
3441
2274
2745
1509
3474
3243
3994
1060
4207
1416
1872
3573
1217
3840
1861
2186
2669
2897
1184
4473
1597
3404
2442
441
1796
1495
1504
1568
1674
351
389
2857
1134
3258
2441
1627
1733
2962
1009
404
2990
3896
4471
2068
3925
3107
1610
1278
2509
2128
626
3785
1934
2836
4352
767
2954
3089
3903
3972
1117
103
2617
2054
1213
4248
1707
918
658
491
1743
546
2648
3765
2991
1933
972
444
385
1559
1659
2949
2862
4204
2511
3534
1205
2995
838
3036
2152
2797
1904
3814
2631
1523
2971
1456
2219
3823
749
1727
2083
1838
1301
1222
4305
218
1798
1640
3430
1672
3413
3625
458
2578
439
710
1762
487
3967
3388
68
926
353
505
2178
2918
1522
3460
2655
689
2456
1840
2571
1860
1499
3491
694
355
2751
3546
2858
1999
2741
3186
1621
794
683
757
763
4451
2093
4472
382
2882
2740
2822
1908
3822
193
1747
343
2998
2773
4449
4170
2021
2450
1022
457
1442
1355
3018
4291
1013
825
808
4250
2097
1560
2671
2397
3645
1728
599
2660
454
1507
127
2261
1643
2983
3468
2091
400
855
1956
2874
1801
2909
296
1521
3756
3800
1671
1498
2944
3118
2225
779
2625
2337
4032
431
42
419
1524
4437
2069
876
3641
1705
3851
4391
1091
2364
848
1927
3640
966
913
3106
688
3899
3872
4176
1212
1382
2447
2565
1681
2911
4308
2885
1592
3594
1221
3757
2967
1926
3471
630
2383
1708
1240
1307
948
4445
1691
3852
3402
1082
1385
3003
1295
3743
2657
3016
125
3696
1112
4417
1716
4156
1701
1690
4197
1353
3681
1533
1670
2318
3194
362
4420
3709
623
1296
1718
3372
3596
3450
3433
2478
1634
1535
3389